
1111311111111313111111111111131111111
1111111111111111111131111111111111111111111111113111
111141111111111111122111111111111111111111111111111111111311111111111111111111111111111111111331111111111111111111111111111111111111
111111111111111111111111111111111111111311
1111111111111111111311114111111111111111111111
111111111111111111311121111111111
111111111111111113111111111111
11111111111111111111111111111111111111111111111111
1111111111111111111111111111111111111113
1111111111121111111131111
111111111111111111111111111111111111111211111111111111111113111111411111111111
11111111113111113111111111111131111111111111
1111111111111111111111111111111111111313111111
11111111111111332211
1111111111111111111111111111111111111111111111