111111121111111111111111111111111111111111311311111111111111112111111111111111111111111111111
11114311111111111111111111111111111111111111
1111111111311111111311
111111111111
1111111113111111111111111111111111111111311111111111111111111111121111111211113211111111111111111111111111111111211
111111111111111111133111111111111111111311413111111111111111131111111111111111111111111
1111111111111111111141111
1141111131131111111121111113111111112111111111111111
11111111111111141141111113331131111311131111121
2111111111111111111111111311111131131111111111111111111111111111111111111111111111311111111111111111111111111
1111111111111111131111111111131111111111111113211111111311111113111
112131111111111111111111331111111111111131111121113114
11111111111111111111111111111111111111111111111111111111111111111111111111111111111111134111111111111111313111111111111111113111311111111111111113111
11111111111131111111111111111111111111111111111111111111111111111
111111111111111111111111111311111111111111111111111311111111111111111111111111111111113111111111111111111111111131131111111111114111211111111111111111111311311111
111111111111111
1111111111111111111111111111111
111111111111111111111111111111133311
111111111111111111111111111111111
1111111111
11211111111111112314111111111111111112111
111111111111111111111111111111121111111111111131111111111111113111
111311111111111111111111111111111111111111313311113111111111111131211111111
11111111211111111
111111111113111111
11111113111111111111111111111111111111111111111111
11