

341121111111111111111111111
11111111111111111111111111111111111111111111
11111111111111111111111111111
11141111111111111111111111111
1131111111111111111111111111111111111111311
1111111111111111111111111111
1111111111111241111111111111111111
111111111111111131131111111111111213114111111111211
111111111111111111111111
111131111111111111
11111111111111111111111111111111111
111111112111111111111411
11111111111
1111111111111111111
1111111111113111111111111111111111
111311111112111111111111111111311111111121111111
11111111131121111111111111111141111111112111
111141113114111111
11111111111111213
1211111111111111112111
111111111111111111111111111
11411111111111111111
111111111111111111111111121111311111
11111111111111111111111111