


223421111111111111111111113111111111111113
11111111111112111111111111111111113111111111111
111111111111111111111
111111
1111111111111111
11111111
111
111111111111111111
11111111111111111111111111111111111111111112111
11141111111
111111111111121111111111111111111111
1111111111111111111111141111111
1111111111111112111111111111111111111
11111111111111111
111111111111111111111111
1111111111111111111111111111111111111111111
11111111111111111111111
1111111111
111111111111111111111
11111111
1111111111111111111111111111111111111
111111111111111111111111111
1111111111
1111111111111111111111111
11111111111111111
1111111111111111111111111111111111
13111111111111111111111111111
1111111111111111111111111113411111111111111
111111141111111111111111111111111111
1111111111111111111111111111111
11111111111